4.92158 7.09815
5.81383 6.01565
4.36317 6.04401
4.55469 8.99767
6.12869 7.97226
4.53521 3.12714
3.54062 4.87403
5.25506 6.94233
4.9273 5.46974
4.05719 6.75775
4.45576 4.92348
5.95644 6.62171
3.46091 6.0821
4.41918 6.45101
6.32739 7.50817
2.57065 6.60825
6.47355 5.81471
5.08728 8.50587
6.39073 7.76195
5.76092 5.98383
5.24876 6.92229
3.58493 8.45347
6.48666 6.92533
3.86602 4.08991
7.3689 6.46896
5.01608 8.58189
6.15132 8.09649
6.16405 5.81923
3.07234 7.14281
4.10919 6.38804
2.9665 5.30797
4.09333 6.63553
5.62551 5.65647
4.90517 6.27995
4.8847 7.32103
5.58835 4.60537
8.09213 7.45106
4.37077 6.94562
3.71009 6.85742
4.20315 4.60728
4.72685 7.52036
6.34007 7.83467
4.07844 5.55581
2.32602 4.95526
5.66899 8.63053
7.29306 8.05774
5.68242 5.89045
4.5957 6.65504
4.83003 4.94802
5.08084 6.04463
4.04726 4.54704
4.20377 5.54231
2.51916 6.35499
6.20912 6.89301
3.27776 6.96892
1.32563 4.8233
3.40929 6.09756
6.87251 6.30003
3.83601 7.83547
5.13784 6.33883
4.88366 6.59026
5.71992 5.04449
5.67868 7.38863
3.66673 6.3691
5.11931 4.08177
4.83841 8.24535
5.30823 7.89441
6.59238 7.08117
6.50176 7.72884
2.4734 6.5848
4.89856 5.56919
6.03212 7.6736
3.36993 4.6803
6.88326 8.0949
5.6551 8.88415
6.22662 5.55753
7.24123 7.99841
5.91176 6.39267
4.73581 6.30805
3.43643 3.68549
7.89253 5.94836
5.54078 6.4136
5.71753 6.77294
3.4772 4.73904
4.63397 6.78753
6.76257 6.9776
4.60409 7.44333
3.89086 7.05717
4.23822 6.05349
5.53766 7.12207
6.51101 7.18789
3.17314 5.97846
3.45705 6.95076
6.37248 6.34209
5.7138 8.90435
5.69871 6.82426
3.5969 6.45118
7.95081 7.2952
4.96224 7.28647
6.27065 6.61742
5.91905 5.68828
6.60292 6.7778
3.4581 6.23861
5.15194 4.0876
6.37862 7.4056
4.4484 8.08953
5.34502 7.99043
5.02464 4.73026
3.14565 7.90735
4.08262 5.90371
6.74731 6.82575
4.4599 6.38457
7.18605 10.8665
5.17896 9.41558
6.40294 7.68106
3.00129 5.31708
5.29942 7.19457
8.22629 7.89854
3.74881 5.86598
4.38084 4.90158
7.72852 7.75288
2.99046 4.82481
7.36555 8.16846
4.03142 6.56927
5.39705 6.55261
2.64762 5.77129
6.30259 8.29711
2.88273 5.19736
6.45846 6.84525
5.55864 7.58292
3.7233 5.34288
4.14566 7.23268
6.73189 8.70435
6.28944 8.03451
3.70395 4.77436
3.36981 8.52264
5.03886 7.83391
3.37374 6.42048
4.38566 5.28952
7.77427 7.8868
6.41164 5.69855
5.36113 8.71171
4.59991 4.93205
6.35214 6.1348
5.35281 8.46326
6.07291 5.30571
5.14728 6.91676
6.42055 8.90867
6.63426 7.3938
4.6844 6.50485
4.73914 7.50951
3.73554 7.69706
4.83276 5.22763
4.79608 7.22376
4.38527 8.52666
5.04675 7.1933
6.94 8.69726
7.38372 6.95213
5.21512 6.43681
3.13331 5.76696
5.9184 6.85065
4.41348 4.01028
4.94589 5.71696
5.30295 4.27131
5.58847 7.54492
5.58194 6.51169
5.64032 5.79912
3.57368 4.3421
2.52102 6.12291
4.89453 6.67626
5.96083 9.14329
6.90014 6.76825
7.74593 6.38157
5.52606 5.82756
5.645 8.04593
4.15703 5.2269
5.6698 6.0843
5.16535 6.28985
4.65713 5.04234
6.97923 8.96958
4.46056 7.57686
4.07087 7.71989
6.29159 9.17017
4.43121 5.23774
4.11329 8.39212
3.97184 4.06871
3.75865 7.20994
7.06121 7.23449
6.26288 6.62298
4.63428 6.55644
4.96503 6.72958
5.24181 5.52654
3.61786 6.56779
6.32775 7.47512
3.53583 6.47336
5.92408 5.88287
5.61739 8.63334
3.70325 4.87852
3.13859 4.65313
7.1399 6.85088
6.04047 6.88692
5.68052 7.38279
3.23835 6.29804
3.53413 5.69802
5.11621 4.77933
4.57383 5.85161
5.36694 6.4514
6.50769 6.19715
4.37857 5.75527
5.75672 5.69329
5.52709 5.81469
4.05513 6.87586
4.01626 7.0885
4.78189 6.55538
6.90721 4.93882
4.25899 8.61299
5.10017 6.34343
6.68041 6.63903
3.53973 6.32604
6.21408 7.11405
6.25551 6.38346
6.04601 6.59376
3.24439 5.67678
3.81459 3.93809
4.68731 6.3571
5.68616 7.82584
2.21176 7.43547
5.53953 7.5688
2.5586 5.33472
5.1214 5.51168
4.03711 6.47803
4.41942 7.47413
2.87874 6.48688
3.70137 5.97489
7.37892 7.36492
4.42785 8.95149
3.41564 7.00624
5.5588 5.52772
4.69543 6.52668
2.27299 6.62142
8.03262 8.28276
5.67352 7.4779
3.91889 8.28631
4.88415 5.18361
6.51748 7.91132
7.64325 7.93591
3.80049 4.85236
5.33283 6.07272
6.11588 5.51164
5.34231 6.37583
5.26991 7.72534
4.31446 5.52464
4.00055 8.64281
4.42914 7.11663
5.39464 6.74853
4.57154 5.98584
3.91305 6.22797
3.73875 6.33655
5.89283 6.51971
4.2343 6.1432
5.54713 6.07414
4.14728 5.53819
4.26258 6.49447
6.32631 6.22247
7.00504 10.1798
3.12126 4.8532
8.22656 6.80128
4.29861 4.72904
5.80139 7.62202
3.80823 4.60003
8.47429 8.163
2.47723 5.19951
6.90959 5.90244
5.2993 7.22153
7.11205 7.987
7.17765 6.56876
6.28644 7.57325
5.40604 6.24184
5.43649 7.40379
4.11864 5.73557
3.38215 6.58195
2.97015 6.78643
5.73466 7.93254
6.21842 7.13359
4.63895 5.82154
6.36218 4.37643
5.42569 8.47021
6.76888 6.83964
6.23563 7.03758
3.3016 5.38605
5.64029 7.08
4.42566 4.67948
5.36316 8.43033
5.37276 7.949
5.08334 6.58973
4.76245 5.92213
5.43902 6.15782
7.68908 6.1291
3.40104 6.34071
3.62739 4.95691
6.39491 10.2357
3.54842 7.22819
7.15332 7.66832
4.43867 6.30916
3.619 5.87946
5.11541 8.09935
6.04625 6.50019
1.94485 6.56288
3.53688 4.88466
6.29483 7.03143
5.36992 7.00768
4.84663 6.97836
4.02368 6.14935
2.86033 6.0587
6.7612 6.20325
3.74545 4.28877
5.41681 7.71461
5.47317 5.48745
5.43545 7.56748
4.17893 4.48159
4.65143 6.07858
4.78807 6.02202
2.52384 6.40642
2.70734 3.98681
3.919 6.8943
3.25902 7.87718
5.47137 7.60947
6.38801 7.5854
4.16579 5.75494
5.68096 7.11635
4.55563 8.32136
6.33674 8.61941
6.14138 4.64598
5.5534 6.39466
3.90238 4.85324
3.59463 4.8075
4.78037 4.51867
2.41827 5.21087
7.06974 5.59429
5.88147 6.21732
4.33026 5.22808
4.92202 5.05208
4.06785 7.40473
3.30219 4.80442
4.46309 6.83449
5.58269 8.94313
4.24576 5.20813
4.01655 6.6161
5.38734 6.53307
4.70364 5.84135
6.6691 7.83884
4.87164 8.04567
5.23727 6.1653
7.08758 7.27917
5.95729 6.72063
4.46996 5.82397
4.78712 5.72477
7.36157 8.49838
4.15753 4.66365
5.46309 7.01733
3.64595 8.46409
4.67128 6.27121
4.36281 6.00558
6.20941 7.49494
5.27345 8.28249
5.45973 8.06057
4.47519 6.58326
5.6722 7.80491
5.73944 7.05948
5.82028 7.60252
2.73978 7.06907
4.21021 6.86491
4.8608 8.26846
4.88569 6.93182
4.70385 9.91589
3.90111 5.93661
7.14626 8.73065
4.20268 5.87822
2.81519 6.59044
4.86957 5.53183
5.35461 5.49635
5.60509 5.56324
5.77123 8.94594
7.0188 8.88566
5.24699 9.58424
5.84476 8.34625
5.38198 5.89272
6.47757 9.9809
5.35508 7.79276
3.45519 5.75672
5.6056 4.05302
5.19731 6.5758
4.47645 4.83
5.22606 5.97201
5.71905 7.99921
4.33238 7.11012
3.69629 6.99511
3.25543 4.59527
5.09756 7.14056
5.13373 6.11265
3.72409 5.83978
3.47529 4.15386
4.06862 6.2219
5.34769 8.24531
4.49332 6.91299
4.69658 7.9088
4.43389 6.88341
8.53222 11.0265
5.0168 8.86569
6.96761 9.61839
4.9375 6.29874
4.0649 6.09615
3.14637 5.85574
5.73645 8.15643
4.0423 7.16611
4.08154 7.12915
7.09272 6.57002
3.14543 4.12821
4.66455 4.73553
6.93144 7.30672
6.05616 6.71189
4.00284 6.57792
5.7291 6.466
5.59591 7.01232
5.75099 7.34586
3.24587 5.70792
4.42609 6.47035
1.03048 5.63466
1.83036 3.84772
3.15848 4.98251
6.07859 8.02596
8.11823 6.48337
5.89347 6.80993
4.19046 4.34262
3.41893 7.20542
6.44292 7.22399
7.53937 6.1544
5.58414 8.16731
5.23773 5.5312
4.90733 6.47999
3.2088 4.69374
5.70578 6.46068
5.74937 6.7908
5.43432 6.50659
6.39403 8.31745
3.42491 6.56008
7.28631 8.64031
4.70323 8.97252
6.6457 4.43444
6.92946 8.48017
6.3748 6.6897
7.06869 7.37824
6.62811 6.41003
6.20118 7.30667
5.23702 8.57667
4.88334 5.58192
5.78371 9.256
3.85459 5.8659
9.13837 7.30229
5.04906 8.49952
4.06597 6.54336
5.09979 5.47623
4.74473 7.24033
6.41037 5.27393
4.20968 6.00857
6.79385 5.52033
7.59645 9.22224
5.76845 6.11425
4.9381 5.96615
5.66736 8.05442
5.56172 6.93381
4.66946 6.19508
3.82189 4.98166
7.36514 6.27861
5.18654 6.542
4.79363 7.54806
5.74868 6.95819
3.79193 5.274
4.47697 5.99728
7.51772 9.22075
3.94009 7.13486
5.29267 5.51559
4.35174 7.85982
2.82329 5.19519
4.14759 6.88904
3.95549 7.13642
3.33184 7.23698
5.83022 7.70443
6.74495 6.88808
3.82471 7.18327
6.27184 6.92888
3.83353 6.39149
4.96382 7.62923
4.37913 6.64527
7.71284 6.96685
5.08203 7.31272
4.27408 6.60731
6.05368 7.711
6.07914 5.89194
3.82095 5.69468
5.30372 5.32938
5.14203 7.85254
2.60846 7.03435
7.37142 9.12851
5.53463 7.77673
6.22299 5.48791
4.89232 5.4278
4.66973 5.3135
5.23826 5.62808
4.2768 7.29915
7.05028 6.8177
5.52931 6.05362
4.69208 6.8289
6.30308 7.73105
5.61257 6.68497
6.02563 7.39214
5.56472 6.12067
3.85872 7.77631
6.80177 7.49544
5.06541 7.18284
6.54185 8.62147
3.75433 6.52159
3.6402 5.11863
3.82431 5.86452
2.91415 6.77738
5.75709 7.48834
4.66104 4.8349
3.13625 7.30454
5.47171 7.68667
5.54999 7.42974
5.32391 6.89768
8.92248 8.26913
8.58826 6.65608
5.30602 6.41974
4.10874 5.93125
3.82411 4.76122
4.80657 6.05776
7.79853 8.91319
5.96319 5.50253
7.47219 7.24042
6.18098 11.5047
4.92575 6.05863
8.65644 9.03281
6.21895 8.04918
5.12313 8.37573
5.3257 5.96507
2.08279 5.35143
5.70751 5.99677
5.72335 5.97932
2.74557 6.09755
3.99692 6.36763
6.37876 7.10975
6.4789 6.10108
3.59027 5.15626
5.56789 8.15146
7.4157 8.86453
5.68263 7.81274
4.17939 4.80023
4.28086 5.55185
6.89443 7.29844
5.56503 6.98389
4.92983 5.66378
3.95068 6.03683
1.33404 5.9585
5.01293 7.61127
5.00098 6.27567
5.03891 7.1321
3.91253 6.57006
3.25982 7.08788
4.98178 4.21718
8.65357 7.82609
3.37816 7.04846
5.08821 8.01765
4.29419 7.48057
3.42314 3.64219
2.81862 4.98426
6.85008 7.89563
4.57247 5.34044
5.81095 8.19552
5.12222 7.17983
6.53293 7.50208
4.45016 7.89315
6.27667 7.47161
5.70349 9.2214
4.503 7.10228
6.60479 7.75095
3.05904 5.71716
4.9414 7.01447
4.72037 6.67889
6.44277 9.27171
4.04834 8.36389
5.92391 7.83338
6.83873 7.55261
3.23201 6.33882
3.39235 4.05387
5.99535 6.01994
5.27745 6.29577
3.42849 7.07556
3.16775 6.84123
4.31136 8.65551
7.13453 5.71479
2.2317 7.74269
6.75376 6.60141
4.17294 5.71314
5.74899 6.28108
5.51284 8.37367
3.24162 5.83157
3.82078 6.21964
3.78531 4.69848
4.01556 5.55895
5.73716 6.32078
6.59875 7.05193
5.60109 7.13728
4.63702 7.06199
5.231 4.4507
5.62971 7.80997
5.63508 7.6339
4.60341 8.09215
5.46614 6.64327
4.52557 5.70982
5.84818 6.98696
3.63935 5.39566
7.05097 9.72355
6.34882 5.66682
6.46522 8.21166
3.28091 6.36498
2.57518 6.67533
4.82468 5.9774
7.51977 8.70065
5.65599 6.68908
2.8912 7.47363
7.76645 7.63114
5.36706 6.23732
6.20221 7.8906
6.25415 7.09321
4.14991 9.46635
4.39661 8.21474
4.68754 7.54009
3.45107 6.02375
5.67657 8.14193
2.58222 4.71175
6.98576 6.59407
4.58339 8.25412
7.45642 6.89184
5.30678 5.79025
6.89052 4.75068
3.87908 6.09283
6.04666 6.65264
4.37043 6.10196
7.31733 6.82783
6.78661 7.8023
6.87697 5.45149
4.72708 8.28906
5.14688 7.29918
4.00519 6.592
2.98618 5.24282
5.47223 7.67851
6.4225 6.68016
3.89658 5.24808
4.31694 7.18727
4.39173 5.84925
3.43673 6.34571
4.93148 7.4396
3.84133 4.5223
5.55397 8.00278
6.45181 8.66876
3.82812 4.71294
4.65469 6.02834
2.47012 4.12795
2.70354 4.928
5.56188 4.12987
5.51293 8.15635
5.01643 4.63026
4.44673 5.51361
5.48968 7.4698
5.55678 6.54205
7.18705 8.04393
4.66647 5.65045
4.65475 7.14432
4.85751 5.33583
4.37004 6.49639
3.80912 7.81752
6.36693 6.36996
3.79579 7.65684
6.70943 7.44998
4.79738 6.36386
4.9595 6.23179
4.98093 6.86274
4.67299 5.93298
4.6598 5.45426
4.76627 7.38181
5.89332 6.65955
5.65272 6.75484
3.54842 7.07835
3.80583 6.38194
4.34852 6.26525
5.99083 8.02936
5.99941 7.19213
5.60996 7.30261
4.06465 8.89328
3.73366 6.27102
4.46126 6.7963
5.01549 6.83778
8.32302 8.00272
5.47075 5.82236
2.91406 5.47656
5.6239 7.52718
1.47972 4.33915
4.79093 6.53638
4.396 5.49983
5.20691 7.46208
3.51736 5.62875
4.91835 7.17347
3.98106 5.79118
5.12517 6.03132
3.86484 5.88722
7.1524 8.10962
6.31607 5.88245
2.55292 7.24906
4.72707 9.04361
4.00638 4.00751
3.99857 6.09387
4.14407 6.2553
2.19182 6.05984
3.6771 6.61769
5.89362 6.77466
7.77723 6.20051
7.888 8.84844
2.8743 6.37668
4.54853 4.70019
5.5499 5.26532
1.12482 4.71491
3.8045 7.23118
4.41356 5.62142
4.43597 8.21463
3.47991 4.26434
4.49462 6.82138
6.58521 7.98257
5.2028 6.91507
4.44978 6.38714
4.1997 5.8766
7.52749 7.67011
7.65701 7.52054
5.88686 6.85729
4.91532 5.73886
4.03031 6.8856
4.66013 4.66227
4.40127 6.07626
1.66199 7.02743
3.53774 6.62016
4.72178 6.16666
6.29287 7.34404
5.10453 7.96306
6.87495 6.01145
5.22119 7.03142
1.78816 6.31916
4.47227 5.976
6.04612 9.23126
4.79991 5.80266
5.93324 7.46376
6.52456 7.26185
6.61517 5.95569
4.94916 8.37097
6.08583 8.45453
4.70026 6.52009
5.15651 7.96725
5.62686 5.4061
4.4616 5.35799
6.85888 7.0655
6.75517 8.80596
5.11239 4.55881
5.35278 8.27309
5.99861 7.4413
5.9582 7.35911
8.28373 6.93449
3.71403 6.25887
5.14412 6.34251
5.31924 5.21877
4.84491 8.46197
6.21255 6.91897
4.65483 8.28893
3.4523 6.59659
7.71233 8.51352
7.36536 4.15545
7.24313 8.09022
5.18743 5.95083
4.5109 7.4687
5.62067 7.06139
5.95865 7.38005
6.12442 8.35022
4.3019 8.17645
6.8784 9.84821
5.27063 6.34892
5.98798 7.96378
5.26391 5.11982
5.16842 6.22163
4.79539 4.81954
6.00828 7.64075
6.15599 8.26154
4.0456 6.23971
5.90724 6.62124
5.02199 7.31266
5.01594 6.97737
6.27403 6.49414
5.15028 4.07335
6.2214 7.10608
5.19888 7.53882
4.16368 6.50343
5.44269 6.3215
5.97767 6.94636
3.93498 3.95197
8.79532 8.28647
3.61172 6.10433
6.67157 6.18243
5.60735 4.87852
5.22764 7.06803
6.37565 7.40817
5.04457 4.10357
7.53011 7.40865
6.01825 5.72254
4.96598 6.37612
4.09563 4.86385
4.81064 6.93257
5.66866 7.09018
3.59149 4.94593
1.97988 3.45063
6.37965 8.13142
5.9823 6.29063
3.61996 3.26597
6.44753 5.70866
5.65691 7.38345
5.91831 5.02812
5.57017 5.12415
5.77652 6.96195
5.05204 5.12671
6.41712 8.86586
7.48633 7.71941
5.35287 9.01857
7.29935 7.98786
5.90848 7.79116
7.17955 8.31161
3.02874 5.86283
5.9017 8.43112
3.61428 6.2417
6.215 7.88429
4.31777 6.2102
3.58757 5.7472
5.36952 7.00454
4.34929 6.76848
4.50283 7.71705
3.98826 5.75071
7.19484 9.97457
4.95385 6.7108
5.5276 8.05509
5.8675 7.2123
7.75562 6.96498
6.81268 6.65108
4.44428 6.01544
6.79919 7.16351
4.98348 7.24341
8.03871 7.80992
5.08786 7.15425
4.8709 5.45642
5.36333 5.32424
4.93845 6.25861
6.24537 6.83518
5.02983 7.04746
6.17479 8.05751
5.20974 5.99394
6.88034 4.90612
3.77439 4.65649
6.96035 8.67182
3.77292 5.04985
5.99101 6.17519
6.37845 6.98779
4.57467 6.40543
4.41273 5.63981
5.92348 6.12036
7.19836 7.40732
5.25367 4.96457
7.27858 7.35896
5.84282 6.76103
3.48386 6.41121
5.26475 7.72568
3.46129 4.96228
2.4342 6.3127
3.02653 7.36143
4.5316 7.98053
3.19045 5.67573
4.76172 5.31511
3.87943 7.59487
7.79181 7.24781
4.51726 5.90547
7.01834 5.85426
6.24721 6.78717
5.07668 7.64201
4.69668 5.96439
10.3441 6.70913
6.35047 7.83514
6.78442 8.97522
5.53575 8.51801
5.11243 7.0465
6.73077 7.04516
5.56218 6.40059
2.944 6.02626
7.04411 8.94714
4.15884 5.91374
4.92684 7.47136
5.25642 5.55367
4.94056 5.44899
4.03227 7.00372
4.56073 3.5958
3.93113 8.43848
5.59818 8.27846
5.367 6.32979
7.04877 6.96914
5.88083 6.48932
4.06936 7.10301
5.97762 6.78054
5.80732 7.41936
3.56825 5.58237
6.9284 7.56614
2.56227 7.16082
5.2298 8.9573
5.38242 8.18763
4.1612 5.34141
3.87135 6.69716
6.236 5.40141
5.89447 6.84941
2.96883 7.28234
5.34425 8.29625
5.60218 8.43066
5.38202 5.14292
4.07462 3.98732
3.05924 6.18975
5.00423 6.21859
2.20921 5.24467
5.5394 7.61728
4.44378 7.22766
5.52138 7.37761
3.74783 5.88256
3.97796 8.2777
4.9262 7.98164
5.02064 6.33281
5.98306 7.22206
6.02076 8.39748
5.68883 7.69492
6.09242 6.70246
6.35874 5.94375
6.693 7.34012
4.91533 7.05798
4.59085 6.88705
7.06539 7.6557
6.85625 6.70528
5.47586 8.25144
6.58249 6.74796
6.26188 7.75079
6.94785 8.26643
5.86215 6.25001
3.34645 5.83139
5.5303 7.90899
6.81548 8.4345
5.74765 6.68186
3.5095 6.76506
7.41873 9.48488
5.28148 7.70298
4.42467 6.38118
3.06496 9.47572
9.07759 6.30613
3.8793 4.71314
3.71077 7.44204
5.17498 7.57531
4.5021 6.77292
7.49217 8.22032
5.68509 4.89606
6.44845 6.34962
4.78622 5.53932
7.89879 7.24436
5.97613 6.01523
4.4617 4.24669
5.24624 6.62411
3.45932 5.30284
7.27381 7.6906
4.71255 7.73696
4.95445 6.95174
6.02191 7.52777
4.05605 5.68996
5.4592 8.51887
4.371 6.82265
5.65784 6.99111
4.67507 7.54365
4.88228 7.47696
4.42045 7.24586
5.76159 7.52406
3.41984 6.82009
4.30782 8.22664
3.56917 6.72032
5.50851 4.72454
4.6257 6.49443
6.0945 6.29769


3.70287 2.79126
2.08086 1.1504
-1.23658 2.08149
4.67516 1.71848
3.66963 3.39659
3.44163 2.63195
1.89865 2.21139
4.55244 1.22496
2.9667 1.06228
2.23335 3.42714
0.872817 0.809103
2.24813 1.29536
0.34511 2.36037
4.20713 1.75097
1.78089 1.91335
4.01925 2.92304
4.23919 2.68392
2.32072 0.864505
0.762817 1.92227
2.79768 1.61902
1.403 1.22472
-1.78987 2.09314
5.36779 0.839805
1.37261 2.49226
2.49443 3.57598
2.74606 1.85633
2.09234 1.05433
2.92229 1.95798
3.15992 0.598176
3.06825 3.09915
0.566782 2.27778
0.776733 1.20465
1.37818 1.1029
1.52191 0.754767
2.13024 2.77073
3.33013 2.80783
1.54408 2.8774
2.05531 1.93879
0.962626 2.21118
2.62664 2.83886
2.33168 2.82949
4.38842 1.99066
0.75252 1.25332
6.65782 1.23891
0.997021 2.42301
2.55725 1.21472
0.425213 2.66462
-0.765278 1.37969
1.3591 2.17327
2.79076 3.85664
2.0243 2.59965
2.9425 1.92016
3.94423 3.07709
0.869093 1.39744
0.330096 2.26889
2.73709 2.85821
2.18169 2.87298
2.09561 2.98613
0.930788 1.2893
2.53395 1.11483
1.64458 2.17554
1.93171 2.14266
6.03568 2.46783
0.857424 1.33021
2.4701 2.21038
3.23715 1.30958
4.40611 1.68339
3.17157 1.5353
4.20795 0.708054
3.40152 1.47318
3.10978 1.79239
2.74658 1.17206
5.47997 2.83241
2.62271 1.84697
1.26028 3.17388
3.44735 1.2446
1.31024 2.58012
5.87538 3.9324
1.47971 1.49437
0.854999 0.0560544
0.326572 1.53073
5.06817 0.0648555
0.95896 3.52445
3.37037 2.38435
-1.50883 1.31936
-0.430117 2.00927
1.51775 1.94153
5.02134 2.96142
-0.49424 2.20768
2.36642 1.83428
-2.69348 0.746999
-0.00973656 2.94825
4.56178 1.4899
2.33832 1.03877
2.74808 1.31245
0.0792328 2.60247
2.77585 -0.355214
1.04202 2.90096
1.48194 1.88697
5.79707 2.90698
1.39245 1.71263
0.933713 2.0805
2.74397 1.70158
2.08715 2.81145
0.466525 0.934071
3.89678 3.76161
5.05428 2.93249
4.92212 0.0653854
3.76144 3.03516
0.92264 1.82351
6.20738 4.08428
2.39976 3.83541
2.6825 3.16514
0.506673 1.224
1.28861 1.55599
1.18648 1.26123
0.463462 2.02105
6.96172 2.38456
2.0727 1.75525
0.425934 0.71329
4.2352 2.43053
2.84048 0.0679915
6.39735 1.24437
1.15396 3.58432
0.428082 1.88032
2.94758 0.85754
1.52821 1.76547
3.42709 1.5519
2.0569 2.05089
1.25992 1.34189
3.44974 1.77442
2.7203 2.18305
-0.328433 2.20129
3.52731 2.57193
-0.869499 2.12354
1.69453 1.22212
1.96178 3.10079
1.0345 2.57131
2.06889 2.0372
4.32691 2.30316
-1.0998 0.580853
3.63868 1.7449
-0.532852 1.06252
1.64158 -0.000263621
3.77724 2.46788
5.31222 2.74911
4.01733 2.54671
3.03295 0.834336
2.79767 2.83192
1.9924 2.73842
0.232199 3.31621
0.43277 0.67044
3.84988 1.64282
0.666032 0.825151
1.83356 1.45198
-0.682524 0.567593
2.95123 1.78752
2.57169 1.94313
2.1546 4.04833
4.25988 2.3794
4.56118 3.12789
4.94031 3.1259
0.811572 1.68606
0.728236 0.739385
0.471811 1.93344
-1.79622 1.51616
1.50084 2.12984
3.47874 1.95501
3.4229 1.52304
-0.955065 2.35665
0.924959 1.39863
2.75688 1.75456
3.3189 1.44815
4.88946 1.6254
2.37316 0.31409
-0.101108 0.422371
2.46471 2.68754
1.63152 1.09648
1.12699 1.2888
-0.706205 2.44686
1.95607 1.62058
0.470095 3.01367
-0.475348 2.00877
3.25139 2.42662
3.11692 1.79866
3.57882 2.49432
2.27262 1.43998
2.33894 1.69525
2.6056 2.54821
2.15349 2.05877
6.36298 1.49306
3.60254 0.599471
1.72722 1.72405
2.71276 1.949
1.83319 1.33686
5.42474 2.08904
3.67107 0.322258
-1.85752 0.998852
4.38982 2.22891
4.75537 1.79426
-2.29498 1.40453
2.9054 1.72913
1.79555 1.62797
1.39629 3.62731
2.24714 3.19784
-0.950724 1.55831
4.1144 1.3201
-0.133695 1.40967
3.03799 2.43998
2.50854 1.55464
4.06356 2.49908
3.31101 2.52803
2.6801 2.88208
1.69459 3.28573
0.898475 4.3051
0.489922 1.97688
-1.15364 2.42464
3.23403 3.65002
-1.07996 1.38511
-0.98839 2.10188
3.05115 2.15038
0.705694 2.83582
0.369912 1.72865
2.97071 0.700372
2.18797 3.39669
2.86395 1.95778
1.68858 1.05946
-1.74651 1.32307
4.0774 2.77038
-0.0889176 0.783902
-0.858287 1.14445
2.61197 0.747073
3.39704 2.03166
8.23546 -0.039051
2.00956 2.39747
2.71346 1.12442
1.09581 1.54941
-1.70078 0.958339
-0.0925443 2.06311
0.431957 2.77178
1.7402 0.978389
-1.25972 2.05209
-1.536 0.913872
3.74309 1.84522
3.94223 2.661
4.69395 2.53574
0.349556 1.78562
5.88537 2.16298
0.653424 0.986013
-0.679746 1.32188
-2.63117 1.80837
1.23235 1.64494
2.33521 1.86237
2.63379 0.0564138
-1.47183 1.80537
3.04306 1.34503
0.927698 0.834577
3.89879 1.92081
1.24667 3.14656
1.5611 2.28903
5.11455 4.29018
1.04957 1.2958
4.21314 3.37133
0.680566 1.76972
3.93265 1.13692
-0.137468 -0.637373
5.48894 3.18558
3.91274 0.164372
0.906211 1.06223
2.5606 3.53854
5.10393 2.39897
3.01352 2.30999
2.90273 1.42475
5.53402 1.57501
2.63944 3.14504
2.66736 1.67622
1.41485 2.35698
2.8656 2.44001
2.4148 1.96226
7.36181 2.6452
3.52111 0.828298
-0.280059 2.83848
2.80798 2.26086
1.49362 1.93581
0.95502 2.44209
-0.712927 2.3213
2.81655 -0.0248835
3.10555 2.33725
5.82957 2.31074
3.16784 0.526199
3.60028 2.54996
3.03932 1.69073
0.377936 0.646614
-0.0686064 0.0443096
0.698873 1.97329
2.1507 1.22685
2.2282 2.23867
4.30984 1.17719
1.3492 1.80011
1.71948 2.12918
-1.67828 1.55014
4.12566 2.98112
2.96003 2.77556
3.14781 1.46659
3.90623 1.72746
2.87353 2.00417
1.35761 2.21957
2.12799 1.33441
7.10411 2.74267
5.31213 2.6368
4.01639 2.49891
3.39404 2.08542
2.09516 2.41732
-1.91258 1.0116
4.1085 2.00275
2.45701 1.48502
4.46752 2.64359
1.777 3.06585
2.51395 2.51333
1.77514 0.885414
3.72168 1.66422
3.56273 1.14298
1.75117 2.2581
1.44653 2.44359
3.8777 2.37883
2.74769 1.20224
1.23279 0.878041
1.24439 0.73197
4.00483 2.59283
-0.706094 2.66752
4.45358 3.34062
1.33326 2.42312
5.61402 3.09142
-0.428898 2.35684
-1.25514 1.95296
4.30657 2.09369
1.47555 2.04295
-0.0996077 1.96458
0.231665 1.90797
2.30645 2.27188
2.14579 1.35245
1.03252 2.01131
3.47106 2.98996
4.73547 1.00848
2.91631 2.37509
-0.286002 2.0739
-0.0413328 1.5085
2.67386 1.27125
-0.307496 1.26213
1.83319 2.69705
0.483737 -0.630201
5.58034 3.07419
1.26126 1.4768
-2.28928 3.26206
5.01903 1.88234
2.49834 1.42195
3.01703 2.54707
1.28699 1.68748
4.91244 1.20187
3.0803 3.63089
-0.576632 0.722909
1.76778 3.14028
4.11898 1.56223
1.76743 2.60571
-0.533932 1.46622
0.841687 2.6047
4.37987 1.68969
-0.566783 0.944441
2.77857 3.11788
0.421264 1.04457
0.325787 2.92814
1.36232 0.476042
1.03808 1.38907
1.05502 3.35503
3.7052 1.71128
2.01383 2.49915
0.709064 0.0704498
4.95105 3.41103
1.82748 1.722
0.347962 1.28994
2.77653 1.92708
2.50723 3.57175
4.55918 0.695216
2.12278 2.19131
2.99918 0.50217
2.59138 2.54824
-0.580296 1.37554
3.65085 1.63601
5.46274 3.52874
3.16885 2.51156
-0.832988 1.87607
3.35069 2.15569
2.27782 2.20245
2.8058 1.8089
2.53421 2.55641
2.65762 1.46879
-0.073866 3.95582
0.526844 0.987988
0.500667 1.42098
3.98872 0.934794
3.54334 2.59574
3.77679 1.8747
4.77651 1.6794
0.607604 1.95752
3.91739 1.47083
1.76399 1.51055
3.83422 2.28752
-1.53941 0.338891
-0.822311 1.61154
2.56545 2.19298
0.32533 2.80357
3.33251 0.949764
6.48562 2.17903
2.85073 1.79926
3.08795 1.27916
0.319415 2.19955
3.32028 2.67449
1.80316 1.22759
-1.98221 1.9939
2.16955 1.34139
0.288744 2.82967
4.99544 1.53908
1.43826 2.86056
4.95645 2.75698
2.86962 1.3697
3.7321 2.1887
0.927903 2.17483
3.1273 4.29799
2.42529 0.383433
-1.35566 0.387164
2.81646 2.55867
4.72048 1.17134
1.24611 2.27351
7.13035 2.45581
1.44602 0.900707
4.91586 0.995922
0.908316 2.60037
2.32911 2.20355
2.32073 2.03413
5.20898 2.28993
2.23577 2.62619
4.83791 2.17946
5.47162 4.65111
4.25332 1.71211
0.162677 1.9759
0.845059 2.72578
-0.717899 1.4134
0.829316 1.41868
0.64242 2.28095
-0.153864 2.25408
0.895945 1.08119
5.09858 1.20416
3.02096 2.93649
0.0296292 3.73308
-0.336276 2.00448
5.45006 2.10091
3.27579 1.00766
4.65299 1.60082
0.822091 -0.00866915
0.627434 2.99514
3.73864 3.48963
0.729977 2.83078
1.86079 1.30227
3.09273 3.05906
-1.31152 2.43101
1.14651 1.00881
0.927722 2.00492
4.07463 1.91829
3.68267 1.35825
1.0859 1.00252
0.327868 1.13116
3.26435 2.443
2.64352 2.8987
-1.87607 0.99488
3.82842 2.56345
1.31557 1.10416
1.19415 2.72455
2.69143 2.62367
-2.84769 2.42513
2.66216 1.86105
3.92447 4.20867
1.39058 1.24738
1.1686 0.578938
0.488955 1.70636
5.52015 1.25426
5.52486 -0.0827345
3.34737 3.64642
1.20731 2.17783
2.3481 0.673143
1.11494 1.84516
3.07478 2.9467
0.136392 0.534226
8.44992 1.30796
6.30529 2.45281
2.80127 0.780872
2.51637 1.89346
-0.925514 1.78725
3.56176 1.633
2.35347 1.98587
2.83796 -0.0512254
7.23807 2.81693
5.44749 1.64381
3.22821 1.48105
-0.242123 1.52864
4.46834 1.91157
3.01331 1.51067
3.02248 3.09604
-0.68047 2.33721
0.202713 1.97264
0.549721 2.46757
-0.671165 3.718
-0.211002 1.54916
2.97406 2.53775
4.08833 4.10149
5.03591 3.55662
4.52166 3.33814
4.97143 2.40781
3.69352 0.76788
6.57809 3.34609
-4.6426 1.23656
2.66197 2.04853
4.49602 1.61616
-0.195656 -0.0222669
1.7073 3.45834
3.54193 2.58711
4.93739 2.55428
4.91876 2.85263
3.37204 -0.381803
2.6528 1.14645
7.90833 2.27929
2.15531 1.68818
4.5121 1.79992
3.77693 1.82279
3.27921 2.56141
0.870685 2.4372
3.20365 0.813649
1.08144 2.14895
3.51139 1.40904
4.11454 3.96211
0.364693 1.1213
-0.0478268 2.18325
-0.334217 2.56723
4.59345 3.08526
3.09127 2.53236
1.36837 0.216368
0.0865121 2.4772
2.99899 4.16556
1.36812 2.75498
2.96412 3.7398
3.92933 1.80381
0.70227 1.35296
-1.20123 2.83255
7.333 1.49297
2.72037 1.50205
5.99113 2.45766
1.51285 2.60294
7.72668 2.00723
5.24005 0.344782
0.63298 1.84953
3.35489 2.20307
5.73426 3.84997
1.04444 1.52665
0.0898066 2.07434
1.77684 1.82155
2.78169 1.69149
6.03644 3.01002
-0.0437386 2.85617
1.24749 1.60241
2.39737 2.46606
2.49952 1.57949
2.66475 1.12129
-0.474279 1.93479
1.56673 1.65556
3.83008 0.236043
4.00811 2.48337
-2.95101 0.834473
3.07282 0.89647
3.46909 3.60683
6.4098 4.02368
1.30865 2.49943
1.44866 1.43416
1.99554 1.94269
3.82217 2.51134
5.76644 1.3382
4.53324 0.731904
3.18286 2.44156
-3.26077 1.97137
0.648282 2.16121
0.0121047 1.51001
3.63134 1.44676
2.90491 -0.58225
0.702816 1.77482
5.19432 2.90984
5.33584 2.9041
1.78571 1.25116
4.10259 1.75488
6.72778 1.39007
4.57121 2.76288
4.05341 1.47814
3.36643 2.36227
1.74629 2.60784
2.11633 2.77902
1.70515 1.47845
2.38373 4.59413
4.43128 2.37561
2.00098 2.2592
3.99561 2.53124
5.55636 3.32981
0.639966 1.54171
0.1113 2.29269
3.01382 1.79832
2.84262 2.86003
1.39534 0.637871
5.4771 2.57149
4.32274 1.84043
1.75107 1.16877
-0.605764 2.29395
7.07375 1.65134
-0.363287 1.08075
2.42233 1.72178
2.43908 1.64546
2.88058 1.12751
4.82702 2.44548
0.396493 2.15983
3.16958 1.78651
-2.77446 2.00299
1.97296 2.34644
1.98887 2.24823
4.03608 3.57916
2.48738 0.97327
1.2647 1.38995
1.28491 1.54878
2.94061 3.39442
1.23654 1.24964
-1.41566 0.582644
2.17732 1.87115
-0.430276 2.47707
3.48916 1.5045
2.01969 2.479
3.62809 1.37121
2.74119 2.5682
1.439 3.69056
2.37757 1.49667
1.64235 2.69586
2.12842 1.19556
2.90916 1.2037
4.86679 0.483688
5.05946 2.36604
3.49222 2.72934
5.44887 1.06064
2.13481 1.89938
1.36857 1.23426
1.04911 2.54164
1.21278 2.68314
5.81054 0.827739
3.23461 3.01656
0.837902 1.12759
3.3107 3.06912
3.47323 0.717212
1.40509 1.21008
0.266732 2.14019
2.57575 0.433658
1.36522 1.57302
0.332217 0.713992
5.87801 3.15811
2.71465 3.2032
-0.322911 1.70915
-1.27324 1.10886
-0.60608 2.31073
2.86565 2.7612
1.86906 2.11027
2.11508 3.35035
0.492824 1.85037
-0.427327 1.21944
2.95691 3.19985
1.51148 3.08678
0.749241 2.87804
7.00303 2.29494
4.37084 1.89917
2.14915 2.71987
-0.568341 3.16569
1.63008 1.72932
4.52231 3.14077
-0.660633 1.23195
2.84397 0.669961
0.601276 1.98003
3.26063 0.888815
4.53584 2.80722
2.65847 1.89646
3.24068 1.04275
3.7235 2.44731
-0.212875 2.35903
5.47841 2.9507
1.73109 2.52854
0.0380728 1.30629
2.42248 2.18708
-0.38103 2.61777
4.89075 2.32596
1.38165 0.352219
3.39283 2.26959
-0.914985 2.26657
4.27261 2.00316
1.52776 1.36604
4.14395 1.84748
3.91747 2.81138
2.66036 1.79398
0.480363 2.10137
4.03513 2.37231
-2.05862 1.33603
1.26526 0.0255168
2.98452 2.97213
4.84086 2.02915
3.45732 0.931362
5.1095 2.20567
2.47332 1.22749
3.11334 2.51324
4.5079 2.10702
5.73397 2.20903
2.60339 1.05951
3.58851 3.10678
0.96558 2.45168
-0.601448 1.29976
2.424 1.63351
5.13825 1.39217
1.51904 0.489319
3.07757 1.31227
4.55664 3.50617
3.02229 1.54738
2.71552 3.66853
-0.0925946 0.0889657
0.49272 1.11203
3.54343 2.89552
4.46965 2.14482
3.30551 1.84733
2.42957 1.58515
4.70261 3.26584
4.64805 2.40162
0.172022 1.69594
2.41407 2.01327
2.41687 1.58337
4.92418 0.867796
4.24804 3.54864
2.3714 2.74364
-1.68655 1.07413
2.18954 1.40857
0.640967 1.04911
2.00822 2.43401
-4.04861 0.755786
2.27837 1.19646
3.67554 3.56396
-0.692943 0.0677744
2.40111 0.739728
-0.445121 4.2114
2.37573 2.77911
-0.155025 2.8286
3.99734 2.78583
2.25473 1.20705
4.88237 3.76176
2.49207 1.72561
1.40758 2.43782
2.83653 2.36367
6.06144 2.44784
1.36019 1.53963
-3.36753 0.468981
5.30994 2.44231
1.9585 1.39444
1.35863 3.3928
2.90924 1.58289
3.13111 1.61013
1.46205 2.88757
5.72814 3.0099
-0.335738 -0.0697402
1.37473 2.30354
3.41531 0.849781
3.33359 2.46935
4.87531 2.50409
0.752074 2.19705
1.43599 2.96597
1.10334 1.53263
2.82717 2.83064
8.4505 2.72071
2.45611 2.76754
2.18985 1.90816
4.81681 4.62685
1.50281 1.59521
1.6896 1.0429
1.69778 1.98133
3.75086 2.99725
4.50136 3.66068
2.61416 2.97759
0.275738 2.35971
1.1594 3.29303
0.741869 2.38897
0.394594 0.83294
3.42166 2.70704
1.13056 2.39407
6.23129 2.1573
0.441213 1.64783
4.15699 1.98632
1.92693 3.01716
2.91001 3.62087
2.2506 1.71774
2.42825 2.86187
2.94417 1.31888
2.81449 2.05784
3.0102 2.13261
4.95368 3.04207
1.66326 1.86135
5.09456 2.16509
5.53905 1.65675
3.93909 0.579044
7.29634 2.32576
2.06456 0.818894
2.54748 1.56357
0.983288 0.452984
1.45295 1.26858
3.81907 1.81427
1.23735 2.35717
2.53851 2.82708
3.44823 0.59987
2.16266 3.20051
0.669778 3.10859
0.844067 1.45419
1.91048 0.787995
2.79874 3.08319
0.793862 0.146647
1.5777 2.25313
3.33653 3.22763
2.10251 0.294822
0.640446 1.39395
2.47063 1.70246
4.87008 1.91478
2.28299 1.12278
3.3463 1.01883
3.30643 1.82397
2.28121 2.18399
3.75541 1.66331
2.31661 2.82944
5.2468 2.15583
2.50994 3.04978
-0.0982234 2.15726
5.39776 1.2116
0.845123 1.18948
1.66768 2.85506
2.08479 2.38391
-0.092328 1.34018
3.92341 1.38384
2.82547 0.391025
0.914588 2.01975
4.05675 1.63785
0.642898 -0.389946
5.90428 2.61938
0.909129 1.5967
1.33617 1.95265
2.22401 1.5512
1.09653 3.71921
1.54138 -0.142108
6.56999 0.16839
2.78702 3.43962
2.98214 2.57647
5.86979 0.825116
2.47132 2.42819
0.787812 2.1145
1.56837 1.50207
1.60456 2.68694
3.22299 2.51003
-0.557637 1.04583
3.08919 3.19007
1.14911 2.21057
2.76256 2.106
2.76243 0.67263
4.71277 2.41474
3.01912 0.945432
1.4566 2.86121
2.34184 0.49387
1.67186 1.66838
1.59052 1.52993
3.44472 1.68544
4.14336 2.31839
4.75823 2.05506
2.36966 3.28112
2.18335 2.20515
1.59984 3.72065
2.07503 2.17889
-0.247773 -0.267323
4.89897 1.33912
2.85387 1.24807
4.51968 2.54703
2.41589 2.45229
1.74538 1.82216
0.540253 -0.375884
3.78783 3.09108
0.214959 2.12247
3.24439 0.272564
4.80358 1.2433
1.62117 1.44201
2.5875 0.381671
3.17606 2.86244
4.69924 1.62393
1.71719 0.238346
1.03096 1.06262
-0.316772 0.60062
0.249819 3.54339
5.51938 2.14505
0.664685 0.949899
1.88236 0.0547926
-0.453601 3.1893
2.3809 2.20479
5.07104 2.62693
5.02187 3.23632
1.82568 1.12158
0.89364 3.53458
1.84679 1.47948
4.15599 2.9876
3.69796 1.59755
4.60376 1.60961
2.98951 1.35037
0.0899245 1.67058
3.71796 1.47521
2.3636 0.952642
1.80972 1.82365
-3.14878 1.86095
2.90513 2.90725
1.08357 0.192489
1.31236 2.84319
5.23099 1.83398
1.66448 1.86448
0.737214 1.10394
-1.81196 1.02203
-0.640967 2.60805
4.89775 2.73371
-1.462 1.98601
2.93878 1.87994
1.47954 2.09552
1.53976 2.66167
-0.402025 0.819182
4.7377 2.37292
0.642571 0.953856
0.762856 2.44125
-2.04824 0.930713
2.21223 1.36769
0.397345 1.58786
4.20853 2.06325
4.45877 2.0655
3.47358 2.30167
4.94209 1.82031
2.2032 2.85351
3.36937 0.445313
4.2679 2.22769
-1.18711 2.15756
2.93336 1.24944
0.062092 0.295985
4.41356 2.56558
0.536829 2.38045
1.10022 2.14035
3.43 4.21547
1.97871 2.16054
4.57 0.90866
-0.89966 0.534549
3.5259 1.76584
1.12148 2.20006
3.86739 1.36668
0.27318 0.0588512
2.05855 2.98984
0.9776 -0.385405
4.7055 0.568066
4.90433 1.72278
-1.58103 1.194
-0.59132 1.56148
0.564568 1.23745
4.60769 1.88525
6.06677 2.91232
4.63781 0.301828
2.32598 0.239851
7.62153 3.11829
4.40073 2.09372
2.97263 0.677611
1.52076 1.36239
5.83578 2.53845
2.79217 1.26547
5.07183 4.388
1.64587 0.0711668
3.49751 3.57979
0.0302592 1.68528
2.80617 0.509407
-0.38187 -0.36432
7.34424 3.4279
0.618613 1.63949
5.77641 1.62675
2.93404 1.40461
2.61991 2.61175
2.0631 3.02274
4.02591 2.96055
1.06214 1.20781
3.50137 2.68129
1.42734 2.13079
2.62895 1.4283
1.8446 3.2435
2.49434 2.64785
1.84947 1.62372


-6.5652 5.58045
-1.7931 8.47715
-7.26475 6.10444
-1.48867 2.20874
-7.94137 4.00289
-6.97711 6.73683
-5.08871 7.30454
-7.35315 5.86926
-4.211 8.26276
-4.44116 8.31014
-2.8489 3.96345
-6.47126 4.80879
-8.08872 10.2059
-5.9625 3.95722
-3.58957 5.09386
-4.36757 8.12184
-6.28169 5.46652
-4.35804 4.91981
-4.32418 8.83673
-4.24562 7.20754
-2.25401 7.06443
-3.63242 4.27097
-7.17698 6.882
-4.19224 10.0805
-4.96213 5.72987
-6.07793 9.29566
-6.98173 3.9317
-7.34416 8.74152
-7.45102 6.99411
-4.06175 5.77915
-6.41329 6.15893
-6.85824 7.74334
-5.69957 5.99699
-4.78411 8.24192
-3.79375 9.59602
-3.02152 0.357205
-1.30739 5.05971
-5.12787 8.68351
-5.02429 8.45752
-6.07492 4.1253
-4.65642 7.98424
-5.87645 9.38039
-6.39008 4.87932
-2.91272 7.57442
-5.0502 5.23882
-2.47659 7.20973
-6.52966 3.87169
-4.56176 1.93531
-5.91259 7.02011
-5.86827 6.99707
-5.5668 3.85732
-5.6336 5.75989
-6.24657 5.67624
-5.85726 3.17309
-4.95404 5.19369
-5.3717 8.52156
-0.0775356 8.06218
-5.98528 5.78117
-8.8166 3.34543
-4.90948 5.57457
-4.50559 4.83204
-5.37784 4.10328
-7.58941 4.18144
-3.71311 9.41328
-4.00496 4.36261
-4.50453 4.85324
-3.25534 5.41579
-4.1864 8.61234
-4.34329 1.21886
-4.42368 8.0659
-8.28671 7.73342
-1.32955 5.17938
-2.426 6.50514
-3.99333 6.35284
-5.80595 3.24989
-8.77127 9.53982
-6.02928 7.00469
-5.01176 4.10971
-3.48847 4.26275
-6.05916 6.53387
-3.43531 6.15468
-2.41532 4.83185
-3.12426 6.94651
-5.95887 6.03562
-5.03984 0.511769
-6.14771 10.4869
-6.34347 5.36564
-3.22397 6.61566
-4.30361 7.01862
-6.94212 2.59516
-5.33929 7.14983
-5.6264 5.50768
-8.71241 5.22456
-6.93794 6.87658
-5.06569 5.09149
-5.82636 7.66522
-3.81416 2.83972
-4.79608 6.81741
-4.44831 9.25882
-1.09733 10.1507
-6.92863 5.28938
-5.41113 9.70944
-2.57761 5.49724
-7.5664 7.30101
-6.80497 5.59258
-6.11282 8.40219
-3.75766 5.31675
-4.44621 7.72444
-5.0747 4.36839
-3.70546 4.24936
-3.25625 1.90278
-2.05517 4.73909
-3.33198 2.55459
-4.73629 7.62003
-5.98307 5.45549
-1.49729 8.77729
-6.48899 2.97366
-6.8312 5.19139
-4.41905 6.39162
-4.71646 8.7378
-3.13785 6.05708
-5.3789 5.81829
-5.49548 4.88289
-10.3311 6.0675
-3.2524 6.08517
-5.92017 5.86218
-1.79082 7.15785
-3.73037 5.93909
-4.03056 8.9991
-6.26937 5.72444
-5.91951 10.4569
-2.50165 5.16903
-5.52097 7.04838
-4.77838 4.72667
-6.65642 6.62688
-4.28136 5.11364
-5.74526 5.99547
-5.83363 7.66385
-5.38351 7.06466
-6.79592 6.93971
-5.6018 6.4496
-2.18002 4.60041
-5.64974 4.27516
-3.43656 8.11336
-7.28199 8.33156
-1.70902 6.71465
-7.62247 6.73909
-7.56809 4.35833
-3.90809 8.28423
-2.92654 6.27606
-6.73628 7.53812
-6.50037 4.21468
-2.40241 9.06266
-5.27179 4.64262
-4.87995 5.5189
-9.55149 4.58017
-7.20277 5.64676
-7.30104 3.91437
-0.439647 4.89393
-4.15034 4.96684
-2.6595 7.37738
-3.92506 5.16725
-6.13616 7.31905
-6.92227 4.06307
-4.5517 1.56503
-3.74076 4.82192
-5.76018 8.54886
-5.83137 2.08868
-7.21643 7.00728
-5.9267 6.81825
-4.84279 7.12623
-5.09521 4.38201
-5.71963 7.66188
-5.87805 5.97167
-6.68958 5.87892
-5.72413 5.82099
-4.77327 6.82751
-3.20083 11.0474
-5.63072 7.23322
-4.47988 8.28817
-4.84359 4.90111
-3.17977 4.66371
-7.85475 5.29497
-7.24624 9.77129
-4.76741 4.45161
-2.36079 6.41015
-6.37009 5.20219
-3.96519 3.89711
-4.84802 5.61313
-5.29411 7.1201
-3.9463 5.96436
-5.3951 5.55033
-2.59753 6.12631
-6.16252 4.41184
-7.99657 7.17487
-5.58336 5.65544
-3.40445 8.42513
-3.21619 4.75996
-3.0456 1.80751
-3.10938 6.59772
-4.3723 7.2898
-4.5161 6.2389
-4.6002 7.56277
-7.44813 8.28062
-1.94188 7.9054
-1.73821 5.8499
-4.42729 5.72976
-5.8859 5.75455
-4.96512 5.79727
-7.52897 8.00144
-4.89461 4.45772
-7.19043 5.79849
-5.80539 5.62299
-7.25124 8.1266
-3.26343 7.28276
-3.20328 8.8707
-5.43448 5.24456
-3.32469 6.54374
-3.06185 6.61607
-5.93925 5.97705
-6.0344 4.93363
-6.34354 5.21812
-5.61852 4.41119
-6.36594 3.06089
-3.63179 8.19987
-1.59816 5.20297
-4.85296 7.48848
-6.9236 6.95641
-3.53122 6.31583
-3.72911 7.42895
-5.10073 6.01185
-7.52612 7.20808
-6.723 3.74061
-3.01468 9.85025
-7.7305 8.5847
-5.97033 5.45966
-5.96037 7.655
-4.54286 9.18614
-4.87697 5.05089
-3.64331 8.69354
-4.84035 7.3412
-6.12139 3.6061
-4.21049 7.88399
-4.18971 5.08904
-8.3958 4.4403
-4.20665 8.08304
-7.94855 7.31589
-5.84617 5.57389
-4.14687 4.81647
-3.692 6.92044
-3.85904 9.72323
-3.16952 6.40547
-2.64689 6.88635
-5.99582 10.7676
-2.62806 5.12291
-5.29076 5.15922
-5.20484 6.03133
-4.89929 5.75563
-6.05758 4.92987
-4.61308 7.41668
-4.37054 6.90363
-3.55556 5.73829
-7.99838 5.29409
-7.0068 6.60851
-6.73725 7.46757
-4.75898 10.7466
-4.81639 1.95303
-7.06223 5.4324
-5.10176 10.0974
-4.82811 9.98064
-4.45804 5.33126
-6.12126 7.0791
-6.88911 6.69955
-8.58872 4.50218
-4.92889 2.27663
-3.09947 7.7311
-4.40269 6.30725
-6.52396 7.86271
-0.128122 5.40453
-6.09057 9.2696
-6.22437 4.97071
-4.2875 6.33744
-5.45761 5.50228
-7.62644 4.19151
-5.07364 6.58133
-7.8641 2.0541
-6.90421 3.83966
-8.39674 2.02476
-5.25254 1.74995
-6.07178 4.4777
-4.53921 7.20986
-2.00602 10.1269
-2.58731 7.75849
-5.81156 8.84833
-3.69479 5.43569
-4.96244 6.50972
-6.47846 3.78754
-6.94321 4.76504
-3.57528 5.79028
-6.46957 5.38842
-6.34727 4.76453
-4.30994 5.19924
-3.69208 6.85749
-4.3485 5.18448
-8.36034 4.40925
-5.53988 2.55601
-6.14542 7.92782
-6.51705 5.677
-5.21719 6.61954
-4.68084 4.09089
-8.61692 7.60316
-1.73578 3.76936
-8.23736 5.2006
-6.59242 7.7987
-6.32362 6.598
-4.00823 6.37342
-7.06501 8.5622
-4.77976 6.97581
-5.06109 3.83665
-7.60098 3.91219
-3.49979 5.70049
-8.43938 6.67486
-5.69617 8.27308
-6.87912 4.76026
-7.02078 1.7918
-1.89913 5.41052
-4.49438 8.04885
-4.65904 5.76774
-5.26445 4.86456
-6.33674 8.7038
-4.56753 0.821168
-6.91436 4.99354
-5.01179 7.30548
-6.44786 6.56317
-2.50988 3.93432
-4.57176 6.71774
-6.34565 10.0215
-3.63134 8.30288
-5.88582 8.42234
-5.49454 7.126
-3.86666 6.40793
-6.94976 5.48575
-3.42673 6.4626
-4.7355 6.68937
-4.55496 7.63799
-5.86222 4.53943
-4.30269 6.07062
-8.4733 5.06238
-4.7861 3.98474
-5.95654 7.14579
-3.72601 6.60139
-4.9049 8.90003
-7.1395 5.97362
-6.5873 3.34613
-5.30132 6.79723
-2.29769 3.79035
-6.0307 4.272
-3.286 2.38968
-3.46924 7.80466
-5.28101 6.12519
-1.59282 10.8664
-6.54305 6.02884
-4.94644 6.34786
-4.53311 4.73682
-1.91869 5.1827
-6.38527 6.1588
-6.39989 5.27446
-4.30066 6.01574
-3.62183 7.21571
-6.79136 3.61733
-5.81735 5.38063
-6.20018 5.27165
-5.74526 6.05457
-5.3432 6.55847
-6.69794 2.52041
-7.67461 7.22114
-4.87112 3.64621
-4.60986 4.42783
-6.01864 8.18639
-6.50466 6.39172
-3.81295 6.53113
-7.97532 1.25906
-8.50548 7.20964
-4.57534 6.52919
-1.04738 2.33209
-8.15415 4.32782
-5.86748 7.71098
-8.90809 10.6892
-6.2381 6.55831
-4.93066 7.35815
-5.40947 5.78409
-6.47807 7.61735
-4.78846 6.03818
-3.66656 7.61285
-5.8959 5.86485
-9.00118 5.65222
-3.53568 4.58625
-2.15447 4.97677
-3.56371 6.51228
-2.5775 5.65516
-9.08774 3.86601
-4.85562 7.25572
-7.00888 9.96868
-8.58153 5.16714
-6.39736 9.91531
-8.18811 5.82193
-6.33519 5.34215
-4.96516 6.06717
-6.66394 5.90113
-6.36262 4.24224
-5.89848 5.52591
-9.46786 7.53357
-9.15058 7.65507
-4.84958 9.2401
-5.88778 8.89367
-6.12222 4.32578
-4.50719 1.76625
-3.08574 6.65907
-3.94869 6.48002
-5.7408 7.16402
-6.08811 8.69197
-5.47143 4.04774
-5.82585 2.91613
-5.58038 6.77823
-1.61569 4.04991
-5.17592 4.29444
-5.06967 2.69059
-7.11102 5.12398
-2.4431 7.81276
-4.58283 3.54963
-5.49372 4.28295
-3.15817 5.69152
-5.68861 2.88374
-6.94321 4.77305
-6.45861 7.8152
-5.24778 4.71179
-5.27576 8.72225
-5.90244 7.60834
-4.67259 5.10903
-5.80078 5.36843
-6.94526 4.80983
-5.95173 7.72519
-4.89819 7.82728
-4.67968 4.34811
-5.91144 3.01103
-7.04472 5.40579
-6.09525 4.46806
-4.36732 6.93152
-3.29056 5.75776
-3.89875 8.1017
-7.8106 4.70383
-4.70403 4.3301
-6.05168 7.7787
-8.31382 2.38372
-5.84434 11.3747
-5.9195 3.39347
-6.37875 3.76483
-4.19012 7.70232
-7.32675 5.73205
-5.26392 8.64682
-5.50121 1.78607
-3.16829 7.45713
-2.73323 3.77956
-5.6104 8.33731
-6.64819 6.58706
-7.51376 2.55053
-6.16684 5.54746
-6.11636 8.11551
-5.99322 9.37143
-4.8248 2.42511
-3.34846 4.67876
-4.43825 7.08295
-7.0349 7.00976
-5.9354 9.08767
-5.51991 7.15861
-5.77804 4.2668
-7.83137 5.05037
-4.80915 7.92743
-5.99258 7.11083
-4.08222 8.48751
-4.16839 5.88683
-4.00631 6.37828
-6.75401 3.66574
-2.11782 6.25902
-4.69568 4.61421
-4.98266 8.46381
-7.06747 8.03727
-4.97951 7.80561
-5.82058 3.11265
-9.62497 5.99561
-6.37011 6.02113
-4.26678 3.96012
-5.49585 7.25734
-7.94217 3.73207
-6.28723 6.19365
-4.84202 1.63604
-4.95183 7.04222
-5.55511 9.74546
-5.20198 7.89573
-4.49294 4.08658
-5.51937 5.97098
-4.58737 5.2418
-4.20741 4.55122
-5.07328 6.32768
-3.43832 6.78041
-3.91532 6.51704
-3.96764 4.11534
-6.41718 8.13466
-5.55434 11.0772
-5.59704 1.7196
-6.26657 7.88343
-4.71744 7.34961
-7.30731 1.39691
-7.06504 2.8926
-8.11154 6.00714
-2.78005 4.09722
-2.51913 7.49289
-4.85522 6.94859
-4.40849 4.91758
-5.83272 3.98438
-4.21305 6.08075
-5.33633 9.30988
-5.60629 8.68026
-4.92957 7.2423
-5.21633 9.82478
-6.07427 8.79475
-4.53546 4.56317
-1.46233 5.64532
-4.50249 5.69175
-2.26052 5.0503
-5.89696 6.65085
-3.88304 4.4146
-4.77588 7.23227
-5.88294 7.93142
-6.14042 10.9256
-6.62484 8.49297
-3.84168 3.22682
-6.15529 6.83252
-6.15132 7.02626
-5.26124 4.59328
-6.68004 5.35519
-6.81362 3.91553
-3.51655 3.79877
-2.94317 5.40323
-5.08669 3.90397
-3.33941 5.91977
-4.98033 4.59572
-2.41198 7.82877
-4.21645 6.42638
-5.56246 8.23664
-7.07592 4.7488
-4.63107 8.43193
-5.05198 7.03125
-3.48789 7.57332
-3.5189 6.70624
-6.80922 3.96403
-4.88698 10.7588
-4.88893 2.89879
-5.83916 5.92944
-3.87901 4.94251
-5.77514 4.62718
-4.09324 6.6232
-4.31928 9.58452
-4.88026 4.38749
-4.14988 7.63291
-5.71536 7.96326
-6.29357 8.11406
-4.52762 6.23049
-3.60192 8.33684
-5.83867 5.57181
-2.33586 1.25928
-8.40042 6.94252
-4.70266 2.29601
-8.29707 7.11753
-5.42425 4.58511
-5.60352 2.45537
-4.16815 6.29635
-5.36898 4.10501
-5.59492 2.84657
-6.26769 8.01343
-6.51059 8.19346
-8.21547 5.84099
-4.46404 4.7628
-5.10584 4.73573
-6.25951 5.51476
-4.77288 6.72917
-3.6616 6.30363
-4.8835 5.63529
-4.10125 2.17666
-6.60534 4.94519
-6.52085 2.90168
-6.61774 6.45551
-6.06421 5.86039
-4.75211 6.32382
-4.88519 4.08941
-5.34943 9.20669
-5.84186 6.2156
-6.81823 7.11719
-4.63384 7.4246
-6.64382 6.41133
-4.31666 6.98636
-5.54833 9.19561
-7.23324 5.27103
-6.79427 6.74491
-4.47504 3.88163
-4.19934 6.27507
-3.34384 6.62592
-7.68707 3.10602
-4.6279 6.46096
-7.2475 4.22156
-5.76007 9.53949
-2.90528 8.34186
-3.73485 3.86523
-4.03364 7.94957
-7.68962 4.78577
-3.73663 7.75246
-7.2386 6.642
-7.5482 6.22412
-7.89406 8.13695
-4.25295 5.01418
-4.48439 7.5399
-6.15399 1.29215
-1.0769 5.26536
-5.35862 3.45938
-3.81144 6.85185
-4.48531 5.96503
-8.71435 4.12928
-5.10983 7.94094
-1.08225 6.13488
-6.56614 5.3737
-6.08982 3.15915
-6.16329 6.91288
-5.87862 5.17501
-6.47186 6.25417
-2.95265 3.19344
-4.58617 7.17183
-6.05513 8.64244
-4.59547 8.07696
-7.59025 8.49698
-6.00635 6.8115
-3.98016 5.4275
-5.2901 5.10277
-4.7753 8.45098
-6.00684 5.10419
-3.38983 4.42814
-4.63094 3.8894
-7.19823 8.4818
-6.68366 3.24574
-4.66701 6.40014
-5.84287 7.68292
-6.05747 5.61822
-8.05196 1.9159
-3.98395 6.4184
-4.87361 5.82892
-2.25963 5.43002
-3.92513 7.39987
-4.42344 7.5888
-6.7972 5.53829
-5.84711 3.96469
-6.85346 4.34598
-2.69358 4.95617
-2.00821 3.23045
-3.62257 2.21274
-5.68098 9.25055
-4.77672 4.90107
-4.28799 5.01636
-4.04053 5.27637
-3.53281 6.13618
-5.98543 7.40654
-5.63971 5.7908
-5.35155 3.1911
-4.50512 3.38814
-4.07993 9.41686
-5.78559 7.90471
-7.6995 3.57593
-6.63764 2.0719
-4.77957 5.90025
-5.89392 8.46965
-6.56227 5.89311
-8.47196 1.28396
-7.76484 4.59578
-9.80783 3.70213
-5.99335 7.15212
-5.72663 5.56458
-2.65115 8.50972
-6.67001 5.83853
-7.15266 10.4843
-1.92373 5.58536
-4.75568 5.8623
-6.16123 2.81301
-5.66729 10.1209
-8.72545 6.25477
-2.2857 5.53747
-4.46024 4.84644
-4.40397 5.14359
-5.14978 9.33271
-3.14842 9.13691
-3.38817 6.97474
-5.1306 6.25859
-4.27542 -0.652973
-6.15887 8.81009
-7.03921 2.56332
-5.69824 10.497
-6.31676 6.20722
-6.85731 6.02246
-3.26829 8.74349
-10.3654 7.18909
-8.1003 4.78928
-2.62939 7.94567
-7.53986 5.76476
-7.74271 3.29689
-7.94576 5.23576
-6.18551 6.77077
-6.96109 6.06472
-5.93671 3.84212
-3.20484 4.96753
-5.10955 5.96364
-6.16411 6.12404
-4.21096 5.57532
-3.3306 2.44126
-4.34128 5.92042
-7.1009 6.12775
-5.38309 5.63686
-8.64168 5.84008
-6.39886 6.214
-6.19968 7.90368
-5.72368 5.04749
-4.16396 7.701
-3.7565 6.63424
-2.5149 5.35122
-1.78732 5.93189
-3.95278 3.97656
-6.85584 5.64872
-6.42737 6.83288
-7.93192 7.13975
-2.97324 6.80737
-4.53102 3.6187
-4.43045 6.55415
-5.16549 6.07469
-4.50376 11.0307
-5.96662 7.18703
-3.4611 7.138
-3.03082 7.76914
-8.14408 3.23264
-7.21995 8.46324
-7.23026 5.93459
-5.49887 5.26405
-3.70526 8.28469
-6.10924 6.61304
-7.95886 4.94574
-2.63199 7.69671
-7.2161 6.23217
-6.73451 8.75917
-1.68733 6.76341
-4.10632 6.5926
-2.51517 4.469
-7.38032 4.52996
-6.84627 9.59707
-5.53817 7.77001
-4.21067 4.43668
-6.11439 11.408
-5.99862 3.48777
-4.96082 4.94421
-3.28822 4.13236
-5.18495 8.72286
-5.34611 4.9669
-6.01216 6.11947
-4.33247 4.83112
-7.54364 9.95976
-5.0103 3.3466
-5.59368 0.255501
-3.58961 6.19738
-8.0355 3.79676
-4.50201 7.01064
-4.74181 7.82398
-9.06508 8.09594
-4.19644 6.3536
-6.22426 1.96982
-1.8142 9.23957
-1.07168 7.7801
-4.21087 9.65685
-5.48067 3.54507
-5.87929 2.04151
-2.29648 7.67081
-4.89134 8.38066
-6.1 5.91408
-3.2598 5.57541
-2.83073 4.56904
-5.60047 5.11423
-6.4952 4.53439
-4.59293 7.65616
-5.36266 7.23615
-5.10589 7.55293
-4.14245 8.2552
-6.18807 6.77779
-8.21496 5.36831
-4.69587 5.79222
-4.35 3.33514
-3.26687 6.10827
-5.81901 3.81657
-5.01407 0.913319
-6.3996 6.09121
-4.9502 8.1661
-4.15674 5.5264
-1.87195 5.37143
-5.52009 3.65446
-6.25572 5.20319
-2.89909 5.27011
-7.56654 6.34114
-6.04151 4.90639
-7.12965 6.96097
-4.7741 5.0347
-3.63324 4.63418
-5.9703 5.69589
-6.03695 3.77593
-5.69864 6.13962
-6.0988 2.98143
-3.46571 9.05334
-6.91796 8.63665
-4.11915 5.76465
-2.83896 3.8783
-7.29879 4.16572
-3.75638 7.5878
-7.171 6.66521
-5.40638 5.05726
-5.97114 9.02375
-5.64326 8.7535
-4.69531 6.1947
-6.05819 6.66997
-5.14256 5.59863
-5.11996 7.06046
-6.08492 7.45831
-6.42049 7.72427
-3.31233 6.75292
-3.90148 5.64448
-9.4397 6.37763
-3.99283 5.39255
-8.19894 5.96104
-5.28167 5.43642
-3.58858 5.15614
-4.07087 3.28308
-5.46421 7.42256
-6.46694 6.28465
-4.28788 7.23579
-3.57905 8.2376
-4.38832 5.3251
-1.22415 10.221
-5.8602 5.74464
-5.43487 4.84088
-3.913 5.45376
-5.91784 6.21079
-6.71646 7.7339
-2.39759 3.33235
-7.06482 6.83096
-6.41099 5.4251
-7.78615 2.61955
-3.266 2.83608
-2.01815 9.62511
-4.29434 4.21135
-4.5674 3.80913
-5.78411 5.94671
-5.98936 7.02881
-6.56759 5.82637
-3.65766 6.74593
-6.53219 7.37197
-6.50621 5.57314
-5.14447 3.59889
-8.5917 7.80722
-4.73553 6.52709
-4.46478 6.74924
-5.1825 8.53281
-5.83116 7.79505
-4.85531 5.42215
-4.79513 4.71153
-6.41873 6.78488
-4.4622 9.22739
-6.45933 3.74613
-3.61273 5.04555
-4.52576 7.57669
-4.25007 4.68044
-5.08128 6.75822
-3.59935 6.86637
-4.9628 3.27958
-6.25617 5.99882
-2.20048 10.8279
-5.01303 8.95673
-6.02377 5.61463
-4.17774 2.72648
-5.05117 4.99233
-6.89935 10.6623
-7.62856 3.84566
-3.45397 4.70839
-6.78879 4.98074
-1.58425 6.70006
-6.07973 7.85083
-5.58177 6.92142
-2.14312 5.30484
-6.63373 4.95843
-6.95175 3.97014
-5.94134 7.65695
-7.71661 6.24764
-6.45127 6.42972
-6.35361 3.94841
-1.81101 5.77642
-5.2296 6.69206
-2.89803 4.07155
-2.61207 2.58911
-4.37339 9.30304
-4.76589 6.52323
-5.65741 4.47584
-4.66875 4.2501
-7.06411 5.04499
-3.08296 4.30915
-5.43208 7.93135
-3.06776 7.39178
-7.43745 8.69408
-5.75729 5.74072
-2.99217 6.17172
-4.22215 2.62878
-2.92785 9.60068
-6.53341 2.10419
-6.00696 7.92335
-7.43776 3.57276
-3.07368 6.30853
-7.28182 5.04656
-3.30827 3.62144
-5.50958 5.56139
-4.65598 4.47158
-2.88777 2.88976
-6.32518 2.39407
-5.25841 5.63575
-4.47764 7.29779
-6.68504 4.22832
-1.37256 3.85351
-6.84402 4.60523
-5.07603 5.13321
-5.44895 5.64971
-5.69841 4.77745
-4.59856 4.02684
-4.00574 7.48658
-1.61779 8.11319
-7.37953 5.97997
-1.7198 7.33184
-6.07174 6.70095
-6.69113 6.12444
-3.85514 5.84539
-6.30406 7.45031
-9.19726 8.37503
-3.5073 6.37546
-4.47829 5.36664
-5.54061 5.56154
-6.5648 9.49851
-6.71228 5.53977
-5.88552 6.84619
-6.33349 7.10611
-4.30583 6.9519
-7.45315 9.06546
-3.85213 6.10952
-2.4172 9.48642
-5.13605 6.84785
-3.81334 5.96087
-4.83605 9.85183
-4.15789 2.10834
-4.72128 2.57746
-5.59978 7.43053
-3.68264 3.94125
-5.15624 8.65458
-2.89862 5.76214
-6.69845 8.33471
-3.88132 6.19263
-6.44539 7.93699
-5.86237 3.11049
-3.82031 2.39898
-3.53787 5.77444
-6.00491 4.30014
-5.38427 3.47457
-6.03238 5.27164
-6.63115 8.4781
-3.13823 3.05961
-8.74615 5.40528
-2.32727 8.53384
-6.39178 5.28469
-6.81986 5.89189
-5.21682 3.91439
-2.99955 4.33034
-3.73169 7.31051
-1.49393 6.54182
-5.37082 4.27285
-7.37047 4.38035
-8.1472 7.47845
-2.99463 8.70985
-6.83157 5.00825
-6.1478 7.67577
-3.97463 4.67541
-5.12601 4.48207
-6.29177 4.0089
-5.6151 7.33603
-5.25639 1.36401
-8.71775 4.68956
-4.5279 2.19389
